0.000000000000000000e+00
5.000000000000000000e-01
1.000000000000000000e+00
1.500000000000000000e+00
2.000000000000000000e+00
2.500000000000000000e+00
3.000000000000000000e+00
3.200000000000000178e+00
3.299999999999999822e+00
3.399999999999999911e+00
3.500000000000000000e+00
3.549999999999999822e+00
3.600000000000000089e+00
3.649999999999999911e+00
3.700000000000000178e+00
3.750000000000000000e+00
3.799999999999999822e+00
3.850000000000000089e+00
3.899999999999999911e+00
3.950000000000000178e+00
4.000000000000000000e+00
4.500000000000000000e+00
5.000000000000000000e+00
5.500000000000000000e+00
6.000000000000000000e+00
6.500000000000000000e+00
7.000000000000000000e+00
