-3.755879999999999885e+00
-3.667412999999999812e+00
-3.653983999999999899e+00
-3.578466499999999773e+00
-3.442321999999998994e+00
-3.209942749999999734e+00
-2.856380800000000164e+00
-2.631198399999998827e+00
-2.562793600000000005e+00
-2.490916399999999697e+00
-2.424456400000000400e+00
-2.349947200000000347e+00
-2.273999999999999577e+00
-2.206791800000000414e+00
-2.138819400000000481e+00
-2.066360600000000769e+00
-1.998932600000000059e+00
-1.943113799999999891e+00
-1.881314000000000153e+00
-1.824792200000000308e+00
-1.593115333333333883e+00
-1.188485874999999359e+00
-9.123654999999997184e-01
-7.145567099999999838e-01
-5.728818199999998750e-01
-4.700977499999998144e-01
-3.885037500000000921e-01
