-3.538330000000000197e+00
-3.564119999999999955e+00
-3.566552000000000611e+00
-3.485974000000000128e+00
-3.360964999999999314e+00
-3.151377999999998902e+00
-2.848142400000000407e+00
-2.754601399999999867e+00
-2.494962200000000685e+00
-2.366931199999999791e+00
-2.241040200000000482e+00
-2.174524400000000135e+00
-2.096000200000000202e+00
-2.046420400000000139e+00
-1.976158799999999216e+00
-1.917541200000000057e+00
-1.860729000000000077e+00
-1.806506400000000401e+00
-1.758126999999999551e+00
-1.552037833333333117e+00
-1.172896250000000418e+00
-9.029596625000001486e-01
-7.121923699999996860e-01
-5.736795399999998768e-01
-4.692877299999999030e-01
-3.877955000000001262e-01
