-3.774700000000000166e+00
-3.793416000000000565e+00
-3.764200999999999908e+00
-3.668215500000000073e+00
-3.520075000000000287e+00
-3.304001499999999591e+00
-2.969427599999999501e+00
-2.754717400000000094e+00
-2.607695599999999558e+00
-2.535716399999999648e+00
-2.479276199999999708e+00
-2.411676800000000842e+00
-2.339209599999998890e+00
-2.260166000000000341e+00
-2.191378400000000060e+00
-2.106042000000000414e+00
-2.020274000000000569e+00
-1.952026399999999828e+00
-1.881663200000000202e+00
-1.648665166666666071e+00
-1.197618374999999791e+00
-9.171763624999998976e-01
-7.193035800000004976e-01
-5.775956799999998337e-01
-4.690670000000000117e-01
-3.875759300000000684e-01
