-3.856120000000000214e+00
-3.873161999999999772e+00
-3.821489000000000580e+00
-3.723388499999999990e+00
-3.561486333333333754e+00
-3.323197249999999769e+00
-2.985863199999999384e+00
-2.787227800000000144e+00
-2.671507200000000193e+00
-2.530935399999999724e+00
-2.452951999999998911e+00
-2.372196199999999422e+00
-2.290302800000000527e+00
-2.195394800000000757e+00
-2.121526000000000245e+00
-2.037130599999999347e+00
-1.962299200000000576e+00
-1.887207199999999974e+00
-1.640766166666666193e+00
-1.199257000000000239e+00
-9.185453249999998571e-01
-7.157610000000000916e-01
-5.766617300000002055e-01
-4.681442900000001295e-01
-3.855482400000000420e-01
