3.000000000000000000e+01
2.060000000000000142e+01
1.619999999999999929e+01
1.180000000000000071e+01
9.666666666666666075e+00
1.084999999999999964e+01
2.319999999999999929e+01
5.443999999999999773e+01
7.912000000000000455e+01
1.185600000000000023e+02
1.435600000000000023e+02
1.749600000000000080e+02
2.081599999999999966e+02
2.466399999999999864e+02
2.750799999999999841e+02
3.161200000000000045e+02
3.408399999999999750e+02
3.779200000000000159e+02
4.966999999999999886e+02
7.271749999999999545e+02
8.887749999999999773e+02
9.995599999999999454e+02
1.079500000000000000e+03
1.135220000000000027e+03
1.172660000000000082e+03
