4.800000000000000000e+01
4.220000000000000284e+01
3.139999999999999858e+01
2.850000000000000000e+01
2.606666666666666643e+01
3.275000000000000000e+01
7.523999999999999488e+01
9.295999999999999375e+01
1.621999999999999886e+02
2.069600000000000080e+02
2.498799999999999955e+02
2.785600000000000023e+02
3.050400000000000205e+02
3.241600000000000250e+02
3.560400000000000205e+02
3.809599999999999795e+02
4.037200000000000273e+02
4.311200000000000045e+02
4.476000000000000227e+02
5.488999999999999773e+02
7.383500000000000227e+02
8.965249999999999773e+02
9.940199999999999818e+02
1.077920000000000073e+03
1.132640000000000100e+03
1.178599999999999909e+03
