3.600000000000000000e+01
4.979999999999999716e+01
3.660000000000000142e+01
2.789999999999999858e+01
2.260000000000000142e+01
2.489999999999999858e+01
6.179999999999999716e+01
1.105600000000000023e+02
1.300399999999999920e+02
1.508400000000000034e+02
1.747199999999999989e+02
1.987599999999999909e+02
2.250399999999999920e+02
2.495600000000000023e+02
2.761200000000000045e+02
3.081999999999999886e+02
3.360000000000000000e+02
3.583199999999999932e+02
3.870000000000000000e+02
4.132400000000000091e+02
5.268999999999999773e+02
7.317999999999999545e+02
8.907749999999999773e+02
1.000500000000000000e+03
1.076700000000000045e+03
1.135460000000000036e+03
1.179480000000000018e+03
