5.200000000000000000e+01
4.600000000000000000e+01
4.220000000000000284e+01
3.860000000000000142e+01
3.339999999999999858e+01
3.185000000000000142e+01
4.671999999999999886e+01
7.223999999999999488e+01
9.884000000000000341e+01
1.276800000000000068e+02
1.688400000000000034e+02
1.923199999999999932e+02
2.169600000000000080e+02
2.408000000000000114e+02
2.709599999999999795e+02
3.039200000000000159e+02
3.319599999999999795e+02
3.726399999999999864e+02
4.014800000000000182e+02
4.269200000000000159e+02
4.714333333333333371e+02
7.109249999999999545e+02
8.748999999999999773e+02
9.908999999999999773e+02
1.071000000000000000e+03
1.135920000000000073e+03
1.174480000000000018e+03
