5.000000000000000000e+01
3.760000000000000142e+01
2.839999999999999858e+01
2.239999999999999858e+01
1.666666666666666785e+01
1.334999999999999964e+01
2.916000000000000014e+01
6.271999999999999886e+01
1.047600000000000051e+02
1.222000000000000028e+02
1.426399999999999864e+02
1.624399999999999977e+02
1.839199999999999875e+02
2.200000000000000000e+02
2.467599999999999909e+02
2.826399999999999864e+02
3.206800000000000068e+02
3.519599999999999795e+02
3.846399999999999864e+02
4.990000000000000000e+02
7.285750000000000455e+02
8.865750000000000455e+02
9.940399999999999636e+02
1.075880000000000109e+03
1.137640000000000100e+03
1.180720000000000027e+03
