-5.157999999999951513e-02
-4.864000000001311719e-03
1.611560000000009651e-01
2.500180000000016278e-01
4.191740000000008237e-01
7.580889999999964601e-01
9.354100000000046267e-01
1.298195999999994799e+00
1.280310000000013382e+00
1.258909999999991980e+00
1.330315999999999832e+00
1.570484000000004210e+00
9.915960000000048069e-01
1.405232000000010917e+00
1.172351999999987404e+00
1.136243999999993592e+00
1.084451999999997307e+00
9.675880000000204317e-01
1.030445833333331285e+00
7.582831666666653980e-01
5.398731750000005380e-01
3.815345850000009253e-01
2.770256599999996183e-01
2.087836199999999476e-01
1.629844599999995536e-01
0.000000000000000000e+00
