2.474799999999977018e-02
1.121879999999988442e-01
1.970350000000014035e-01
3.045630000000016935e-01
4.504089999999969507e-01
6.433970000000019951e-01
8.856099999999981209e-01
1.120536000000002641e+00
1.157967999999994779e+00
1.255600000000000049e+00
1.392036000000023588e+00
1.399639999999965578e+00
1.280968000000011209e+00
1.444219999999997173e+00
1.508088000000014972e+00
1.448195999999995598e+00
1.429459999999994846e+00
1.281712000000010621e+00
1.266603999999988961e+00
1.498864666666671397e+00
9.208263333333324141e-01
5.928864500000010640e-01
4.143818899999984762e-01
2.886910200000016857e-01
2.194971799999995143e-01
1.630145199999998296e-01
0.000000000000000000e+00
