-3.408399999999911500e-02
1.033459999999983836e-01
1.962010000000011800e-01
3.238043333333324725e-01
4.765781666666679683e-01
6.746681000000007700e-01
9.931769999999953136e-01
1.157206000000003732e+00
1.405718000000003354e+00
1.559668000000008048e+00
1.615115999999995555e+00
1.637867999999983670e+00
1.898159999999985192e+00
1.477376000000015566e+00
1.687908000000008846e+00
1.496627999999980752e+00
1.501840000000017383e+00
1.232205166666667795e+00
8.830183333333319062e-01
5.614233500000007648e-01
4.055686499999995309e-01
2.781985399999997721e-01
2.170348800000001521e-01
1.651921000000001749e-01
0.000000000000000000e+00
