-3.743200000000079797e-02
5.843000000000131422e-02
1.919709999999996697e-01
2.962809999999995725e-01
4.321470000000013911e-01
6.691478000000001813e-01
1.073550999999996147e+00
1.470218000000010683e+00
1.439583999999990427e+00
1.128804000000002805e+00
1.351987999999970214e+00
1.449344000000044153e+00
1.580871999999976518e+00
1.375751999999998310e+00
1.706727999999998913e+00
1.715359999999987783e+00
1.364952000000019705e+00
1.407263999999997628e+00
1.164990166666669547e+00
9.020935833333325604e-01
5.608840249999997862e-01
3.957455649999988001e-01
2.834158000000013278e-01
2.170573599999996439e-01
1.629821399999998865e-01
0.000000000000000000e+00
