1.769340000000001467e-01
2.685799999999982646e-02
1.510350000000002524e-01
2.722890000000015576e-01
4.647584999999985200e-01
7.071238999999991393e-01
1.125912000000005575e+00
1.368095999999981327e+00
1.437544000000011257e+00
1.329199999999978843e+00
1.490184000000006392e+00
1.518944000000007399e+00
1.344163999999988146e+00
1.359448000000003542e+00
1.449175999999986475e+00
1.348560000000019077e+00
1.116375999999997370e+00
1.235995999999999206e+00
1.130436000000000885e+00
1.158384333333331018e+00
8.092589166666690481e-01
5.522407499999992808e-01
3.956175799999994691e-01
2.833497800000002176e-01
2.055681400000001213e-01
1.631879999999994446e-01
0.000000000000000000e+00
