-3.783129999999999882e+00
-3.770755999999999997e+00
-3.714662000000000575e+00
-3.616144499999999873e+00
-3.463862999999999026e+00
-3.238658500000000551e+00
-2.916959999999999553e+00
-2.739837999999999774e+00
-2.627784399999999909e+00
-2.511987600000000320e+00
-2.386427600000000204e+00
-2.246843800000000613e+00
-2.110584400000000027e+00
-2.035179999999999545e+00
-1.962770200000000020e+00
-1.688938166666666518e+00
-1.228525000000000311e+00
-9.320817749999997792e-01
-7.248908300000005411e-01
-5.805453199999996983e-01
-4.707967299999999411e-01
-3.892894700000000263e-01
