-3.537249999999999783e+00
-3.562858999999999554e+00
-3.556638000000000410e+00
-3.483226499999999781e+00
-3.354913999999998619e+00
-3.138307750000000063e+00
-2.824084400000000272e+00
-2.774759200000000980e+00
-2.725476199999999238e+00
-2.661814999999998932e+00
-2.605436999999999337e+00
-2.547259199999999613e+00
-2.487796599999999358e+00
-2.427630799999999756e+00
-2.361638800000000149e+00
-2.110624199999999728e+00
-1.562218833333333556e+00
-1.172803125000000168e+00
-9.044980125000000593e-01
-7.153471300000000532e-01
-5.717472499999999291e-01
-4.670582500000000636e-01
-3.862014300000000122e-01
