-3.666139999999999954e+00
-3.691007000000000371e+00
-3.667450999999999794e+00
-3.572670499999999638e+00
-3.437914666666666452e+00
-3.212682999999999733e+00
-2.965279799999999355e+00
-2.923255199999999832e+00
-2.878213400000000366e+00
-2.824001400000000661e+00
-2.776508399999999543e+00
-2.716279800000000577e+00
-2.662542199999999859e+00
-2.598566400000001053e+00
-2.543641400000000274e+00
-2.470576400000000117e+00
-2.413036799999999982e+00
-2.333160399999999690e+00
-2.210623800000000472e+00
-1.598333833333333676e+00
-1.188979125000000137e+00
-9.115796249999998935e-01
-7.191294099999998579e-01
-5.756872499999999837e-01
-4.715656699999999368e-01
-3.872974499999999876e-01
