-3.794369999999999798e+00
-3.787053000000000225e+00
-3.746650000000000258e+00
-3.657961999999999936e+00
-3.501558999999999866e+00
-3.283973249999999844e+00
-2.981884800000000446e+00
-2.939477399999999463e+00
-2.888667000000000318e+00
-2.842635400000000701e+00
-2.797172199999999442e+00
-2.734663999999999540e+00
-2.678325000000000511e+00
-2.613577000000000705e+00
-2.550357399999998442e+00
-2.478507799999999150e+00
-2.337833200000000833e+00
-2.252550400000000508e+00
-2.184468399999999644e+00
-1.643016333333333412e+00
-1.203380374999999836e+00
-9.187884125000002067e-01
-7.182516499999997972e-01
-5.770051299999999772e-01
-4.698965899999998919e-01
-3.859331100000000792e-01
0.000000000000000000e+00
