-3.811380000000000212e+00
-3.804976999999999610e+00
-3.764427999999999663e+00
-3.667590000000000572e+00
-3.517548666666665991e+00
-3.296406750000000052e+00
-2.978283800000000259e+00
-2.803525000000000045e+00
-2.696324799999999744e+00
-2.574127400000000510e+00
-2.506416000000000199e+00
-2.435142399999999707e+00
-2.360764000000000529e+00
-2.285635200000000644e+00
-2.207944400000000140e+00
-2.129547600000000429e+00
-1.979556800000000338e+00
-1.703539833333333364e+00
-1.223920875000000352e+00
-9.277267624999998574e-01
-7.266400299999997703e-01
-5.824514800000000214e-01
-4.723275299999998289e-01
-3.883423800000001536e-01
