-3.824539999999999829e+00
-3.810249000000000219e+00
-3.763522000000000478e+00
-3.676424999999999610e+00
-3.518961666666667654e+00
-3.291287250000000775e+00
-2.955235200000001505e+00
-2.865083400000000502e+00
-2.813426800000000227e+00
-2.755485600000000090e+00
-2.706335799999999292e+00
-2.638872999999999802e+00
-2.571639000000000230e+00
-2.500639399999999846e+00
-2.429860999999999827e+00
-2.347705999999999626e+00
-2.275620200000000093e+00
-2.200462600000000268e+00
-2.115290799999999471e+00
-1.649555500000000174e+00
-1.196537999999999879e+00
-9.132629874999999009e-01
-7.160594099999997297e-01
-5.753523000000001497e-01
-4.684823299999998358e-01
-3.856963299999998651e-01
