1.720000000000000000e+02
1.564000000000000057e+02
1.290000000000000000e+02
1.007000000000000028e+02
8.353333333333333144e+01
7.345000000000000284e+01
1.304399999999999977e+02
1.487599999999999909e+02
1.774000000000000057e+02
2.020399999999999920e+02
2.330399999999999920e+02
2.890000000000000000e+02
3.417599999999999909e+02
4.105199999999999818e+02
4.832400000000000091e+02
5.696799999999999500e+02
7.660399999999999636e+02
8.850000000000000000e+02
1.003559999999999945e+03
1.990766666666666652e+03
2.912175000000000182e+03
3.543599999999999909e+03
3.986639999999999873e+03
4.308039999999999964e+03
4.539100000000000364e+03
4.700140000000000327e+03
0.000000000000000000e+00
