1.480000000000000000e+02
1.394000000000000057e+02
1.187999999999999972e+02
8.929999999999999716e+01
7.653333333333333144e+01
6.965000000000000568e+01
1.294399999999999977e+02
1.802800000000000011e+02
2.158400000000000034e+02
2.576000000000000227e+02
3.007599999999999909e+02
3.715199999999999818e+02
4.479200000000000159e+02
5.347599999999999909e+02
6.227200000000000273e+02
7.346000000000000227e+02
8.541599999999999682e+02
9.715599999999999454e+02
1.110920000000000073e+03
1.977033333333333303e+03
2.932625000000000000e+03
3.555050000000000182e+03
3.996300000000000182e+03
4.317840000000000146e+03
4.542760000000000218e+03
4.707760000000000218e+03
