2.040000000000000000e+02
1.815999999999999943e+02
1.408000000000000114e+02
1.197999999999999972e+02
1.138666666666666600e+02
1.485999999999999943e+02
3.281600000000000250e+02
3.671200000000000045e+02
4.078000000000000114e+02
4.716000000000000227e+02
5.363600000000000136e+02
5.963600000000000136e+02
6.658400000000000318e+02
7.440399999999999636e+02
8.371200000000000045e+02
1.192599999999999909e+03
2.167766666666666879e+03
2.967625000000000000e+03
3.567175000000000182e+03
3.979139999999999873e+03
4.305159999999999854e+03
4.530720000000000255e+03
4.713579999999999927e+03
