1.720000000000000000e+02
1.528000000000000114e+02
1.227999999999999972e+02
1.017999999999999972e+02
8.226666666666666572e+01
7.270000000000000284e+01
1.150000000000000000e+02
2.011599999999999966e+02
2.872799999999999727e+02
4.101200000000000045e+02
4.910400000000000205e+02
5.852000000000000455e+02
6.920000000000000000e+02
7.940399999999999636e+02
9.205199999999999818e+02
1.051079999999999927e+03
1.312319999999999936e+03
1.838566666666666606e+03
2.860474999999999909e+03
3.512900000000000091e+03
3.965320000000000164e+03
4.288500000000000000e+03
4.532359999999999673e+03
4.705619999999999891e+03
