2.160000000000000000e+02
1.774000000000000057e+02
1.361999999999999886e+02
1.145000000000000000e+02
9.286666666666666003e+01
1.014000000000000057e+02
1.902400000000000091e+02
2.091200000000000045e+02
2.371599999999999966e+02
2.853199999999999932e+02
3.194800000000000182e+02
3.709200000000000159e+02
4.248000000000000114e+02
4.911600000000000250e+02
5.569600000000000364e+02
6.442000000000000455e+02
7.094400000000000546e+02
8.275199999999999818e+02
1.003919999999999959e+03
2.096099999999999909e+03
2.941125000000000000e+03
3.554425000000000182e+03
3.975840000000000146e+03
4.304960000000000036e+03
4.523479999999999563e+03
4.703020000000000437e+03
