2.858199999999921914e-02
9.345399999999948193e-02
1.741940000000017363e-01
3.149266666666639125e-01
4.553488333333337579e-01
6.721040999999985388e-01
9.015180000000092564e-01
1.033132000000009265e+00
1.158823999999996524e+00
9.829960000000194098e-01
1.349255999999994682e+00
1.344679999999984332e+00
1.419992000000012800e+00
1.415567999999992832e+00
1.643100000000009775e+00
1.441715999999995779e+00
1.503151999999988497e+00
1.703436000000021933e+00
1.330672285714283420e+00
9.060350000000005899e-01
5.665500249999999571e-01
3.944071550000003423e-01
2.814142199999991600e-01
2.137399400000006278e-01
1.655719999999999414e-01
0.000000000000000000e+00
