0.000000000000000000e+00
4.711200000000115296e-02
1.895610000000003126e-01
2.695116666666663718e-01
4.504633333333334377e-01
7.068662857142866685e-01
8.404919999999934666e-01
9.008359999999845380e-01
1.084239999999997872e+00
9.498600000000256838e-01
1.204571999999972887e+00
1.074752000000018137e+00
1.279515999999969234e+00
1.098500000000019572e+00
1.461300000000008259e+00
1.150791999999996484e+00
1.597528000000011605e+00
1.225365999999991073e+00
1.224579933333333592e+00
8.187094166666670780e-01
5.547990000000004862e-01
3.849004300000000711e-01
2.868843199999997484e-01
2.082431600000000937e-01
1.685364399999998986e-01
0.000000000000000000e+00
