-5.121799999999954167e-02
1.244199999999828776e-02
1.468230000000012581e-01
2.566250000000023235e-01
4.332124999999971138e-01
7.855583749999996979e-01
9.865039999999806186e-01
9.856600000000383943e-01
1.273224000000010570e+00
1.127559999999985907e+00
1.163555999999998702e+00
1.189251999999998644e+00
1.203315999999996277e+00
1.319839999999996794e+00
1.255073000000000993e+00
1.096810733333332344e+00
7.788314166666667759e-01
5.366102250000002183e-01
3.783017650000000121e-01
2.871997600000002482e-01
2.093779999999997310e-01
1.617136400000001029e-01
0.000000000000000000e+00
