1.280600000000120531e-02
8.109799999999989240e-02
1.936759999999981829e-01
3.000826666666691622e-01
4.422838333333318772e-01
6.362458999999995868e-01
8.737940000000002927e-01
1.072002000000006783e+00
1.221973999999991234e+00
1.354227999999998877e+00
1.425472000000014949e+00
1.487567999999988899e+00
1.502575999999989698e+00
1.553816000000015629e+00
1.567935999999985786e+00
1.499908000000006236e+00
1.380084833333333538e+00
9.592379166666660240e-01
5.923882250000009897e-01
4.021734650000001743e-01
2.883770999999994977e-01
2.202479000000003850e-01
1.679702999999993507e-01
0.000000000000000000e+00
