1.463399999999914769e-02
8.080599999999993344e-02
1.773760000000006443e-01
3.128060000000001395e-01
4.351715000000000444e-01
6.713076666666650816e-01
8.481480000000226616e-01
1.016207999999986455e+00
9.206319999999874604e-01
9.092640000000283829e-01
1.250163999999991393e+00
1.126779999999984572e+00
1.294960000000000777e+00
1.264392000000038596e+00
1.436991999999990943e+00
2.813491999999951254e+00
1.705656000000012495e+00
1.361640000000022166e+00
1.082904133333326691e+01
1.099089895833334163e+00
5.691839249999992578e-01
4.010735250000008190e-01
2.824930399999996400e-01
2.142170800000001707e-01
1.679269599999996254e-01
7.718662200000001583e-01
0.000000000000000000e+00
